%YAML:1.0
---
camera_K: !!opencv-matrix
   rows: 3
   cols: 3
   dt: d
   data: [1450.1, 0.0, 1264.2, 0.0, 1449.7, 671.2067, 0.0, 0.0, 1.0]